LINHAS = 16
COLUNAS = 16
10 -403 -199 -311 -32 -58 -52 -193 -329 393 99 27 415 -419 256 256
486 290 -423 324 164 426 422 160 -26 345 76 19 -100 -31 231 231
67 -116 -49 -465 327 -248 -158 -150 -355 -206 378 -440 227 486 233 233
277 -338 389 293 -412 312 305 62 157 233 -67 -443 -297 -335 171 171
49 -378 9 -124 226 -296 -421 371 -2 457 -217 -275 443 -132 -210 -210
30 -320 -283 119 492 -477 33 -499 256 467 -90 -189 -368 -419 -67 -67
55 443 262 -218 -353 341 5 497 -350 -359 -278 -55 9 364 18 18
-456 -413 -489 -112 -390 396 -111 -281 -285 299 382 199 -268 -184 233 233
111 -5 -430 258 -164 75 255 -14 216 -171 431 78 -307 301 470 470
389 -167 478 -149 -271 -132 422 297 19 305 -4 252 -27 -271 40 40
224 462 -306 -88 37 -199 -250 106 130 34 36 -325 187 6 -87 -87
339 244 -220 -80 -388 54 -283 131 211 214 235 36 -205 -225 120 120
-263 -334 284 -373 -33 -465 -415 -51 69 121 125 -244 -373 -110 -315 -315
-366 317 -410 -254 223 160 -270 -65 226 -183 -177 -479 93 444 -107 -107
-38 30 161 430 65 246 -121 -14 219 -144 -406 346 247 131 16 16
300 459 -20 24 119 210 -189 197 -121 134 -430 472 430 -36 7 7
