LINHAS = 16
COLUNAS = 16
-136 -256 151 369 -291 313 -281 -232 -20 -152 -494 92 7 -401 3 3
-100 97 421 -447 316 -35 423 -140 -320 -413 345 -126 -245 392 -14 -14
-363 -363 -11 -154 450 -440 466 283 -92 472 -125 -233 -428 379 -87 -87
328 186 378 496 4 -347 -143 184 -260 54 -89 -4 -53 397 -385 -385
-114 456 -218 -164 -484 -252 -381 277 72 347 -456 144 -422 309 -31 -31
-4 199 403 -500 352 -240 184 -408 314 -405 440 113 -156 -444 49 49
-136 331 -81 -119 -69 390 10 -144 237 406 -500 -333 216 321 -426 -426
20 -171 64 224 441 100 317 -393 -452 257 221 -108 -335 -230 -25 -25
-46 394 -237 -263 -364 -375 93 374 -469 446 -107 -401 267 319 163 163
-352 -273 -136 -411 -320 33 49 -272 143 -230 472 -340 40 -53 -458 -458
193 157 84 330 282 29 -444 -334 -25 -51 -235 -257 -231 -219 -265 -265
8 451 -289 -460 -15 260 -232 -372 -470 -259 -212 422 -460 -169 121 121
488 -295 64 -377 234 472 -211 62 -79 406 -343 -458 -313 -108 312 312
-157 -477 -412 -320 283 -143 -192 -335 98 449 -61 490 132 -440 224 224
117 140 243 204 112 -116 -234 -114 -209 -77 -72 -22 -333 92 26 26
115 467 -457 250 -176 203 -233 -226 152 207 -236 -216 -381 -159 -243 -243
