LINHAS = 16
COLUNAS = 16
202700 88640 329345 86148 -602 -289683 302434 399735 7137 -333265 334910 120251 71690 161971 117945 117945
-350430 -39071 -250862 -96544 393545 -74386 -28724 -75017 423926 451325 -482537 232608 -155856 61857 -9670 -9670
-544559 -140585 -711254 4474 -431306 -118307 -10392 71147 340430 690087 -38209 57510 360336 254547 -432862 -432862
-215444 -797298 157200 193578 279254 -216997 216920 100971 -256740 193559 -43983 323313 27592 139843 -74349 -74349
-365167 -437015 -124145 -313040 95195 -74657 605767 -302370 -385461 -530496 985180 365463 325155 -155145 168770 168770
-183109 666337 -177307 -51276 -231677 -107033 -78107 485397 -95940 195994 -670138 -322363 -260195 617180 38769 38769
-318966 -573290 152498 -1080394 30186 -221502 642926 137091 274733 -75016 760243 -73866 604733 32031 245037 245037
-198079 320951 108948 261390 -399240 -115540 -327184 60976 605433 -236416 -221996 57444 -18234 273247 -636972 -636972
-36797 -822854 14927 -6683 379041 600569 220998 -525692 149821 -51968 458432 -273819 69378 -285647 -121331 -121331
98319 -264698 -2560 -58519 179908 17152 108051 264337 401446 19021 176986 -173159 759853 -154233 232719 232719
-110894 -95754 383403 174117 -346435 -547853 165392 606975 70511 -364141 213831 245755 198297 384244 41034 41034
-162006 425091 144554 -317146 -16331 176048 65766 -366607 198662 -1144475 402955 765909 -167809 -272714 258911 258911
-454929 -195846 -8701 125320 -427941 -173762 49230 -189258 579100 -249694 298521 23953 -24441 -489774 -103519 -103519
116425 612639 -555395 -230201 -925392 362908 -649597 55808 81428 -297019 -152561 -31226 -143818 -138508 19441 19441
-182239 -109027 87075 267176 18383 -349075 62234 131115 -21835 -144994 39867 339558 -124141 168904 -79225 -79225
-112502 59560 509635 -86847 -320971 -275267 350525 87386 17406 -878027 773228 149401 611229 148761 -77756 -77756
